000 60 (720,1280,3)
001 60 (720,1280,3)
002 60 (720,1280,3)
003 60 (720,1280,3)
004 60 (720,1280,3)
005 60 (720,1280,3)
006 60 (720,1280,3)
007 60 (720,1280,3)
008 60 (720,1280,3)
009 60 (720,1280,3)
010 60 (720,1280,3)
011 60 (720,1280,3)
012 60 (720,1280,3)
013 60 (720,1280,3)
014 60 (720,1280,3)
015 60 (720,1280,3)
016 60 (720,1280,3)
017 60 (720,1280,3)
018 60 (720,1280,3)
019 60 (720,1280,3)
020 60 (720,1280,3)
021 60 (720,1280,3)
022 60 (720,1280,3)
023 60 (720,1280,3)
024 60 (720,1280,3)
025 60 (720,1280,3)
026 60 (720,1280,3)
027 60 (720,1280,3)